20180302 0 0

20180305 0 0

20180306 0 0

20180307 2 3.8506106381607252

20180308 4 9.043903082605077

20180309 5 7.125832848597723

20180312 6 5.96866326657976

20180313 8 5.366634220308607

20180314 8 5.366634220308607

20180315 9 4.937008195829873

20180316 12 4.115080986557406

20180319 13 4.681727178474643

20180320 17 4.786146200143029

20180321 19 4.955172342281902

20180322 20 4.7602306265762575

20180323 21 4.58517254150636

20180326 21 4.58517254150636

20180327 23 4.500274635145588

20180328 27 4.479063619585932

20180329 30 4.158745096970519

20180330 32 3.985525638461691

20180402 38 5.903215031650363

20180403 41 5.451431075971791

20180404 45 5.520835617446993

20180405 48 5.66343670019289

20180406 54 5.204926304379984

20180409 54 5.204926304379984

20180410 61 3.267178657293033

20180411 66 3.450457876786727

20180412 69 3.394403368437587

20180413 71 3.483807484995883

20180416 72 3.668077784308898

20180417 82 3.835302560590625
