20180302 0 0

20180305 1 5.906313645621181

20180306 2 -0.25913367998270553

20180307 5 9.836590783271209

20180308 8 5.113685314006939

20180309 13 3.786090677671651

20180312 13 3.786090677671651

20180313 15 3.5520535639727604

20180314 16 3.155225041399288

20180315 19 3.567038682441717

20180316 21 3.8902727840881384

20180319 22 3.6257485461677335

20180320 26 3.1892550319641506

20180321 30 3.6065588908890023

20180322 37 3.0801380997744277

20180323 37 3.0801380997744277

20180326 39 1.948941109730136

20180327 41 2.0284412072840583

20180328 43 1.7106253118685029

20180329 48 1.357571465783824

20180330 51 1.3307711930481778

20180402 62 2.3907739841740674

20180403 66 2.3249905480896285

20180404 70 2.4081618140444347

20180405 78 2.177937052228703

20180406 86 1.942148151267233

20180409 92 1.8349628562571092

20180410 107 1.213193867720699

20180411 117 1.2727832871072986

20180412 120 1.1768981419801934

20180413 125 1.1090986444911637

20180416 127 1.047304879369682

20180417 138 1.2342894574030923

20180418 151 0.9568017598556453

20180419 173 1.1727634238439721

20180420 183 1.2346436609443134

20180423 193 1.2822371883368207

20180424 199 1.370276204136816

20180425 206 1.382162166904807

20180426 211 1.362075209818453

20180427 212 1.3505416829279193

20180430 220 0.9638230309826404

20180502 228 0.9001411634594656

20180503 234 0.7342703051793391

20180504 240 0.8146674336564029

20180508 245 0.4860895701107679

20180509 249 0.01997932991551146

20180510 256 -0.021631925019278797

20180511 268 0.1984053216970169

20180514 272 0.3046557870268924

20180515 279 0.36336291882299543

20180516 293 0.31086600193918024

20180517 298 0.24361259051956674

20180518 307 0.11183754357601132

20180521 314 0.1890014299591352

20180523 319 0.17842571610138197

20180524 323 0.06939052656498222

20180525 327 0.10573059871122727

20180528 330 0.0779818756374096

20180529 342 -0.055984571298817155

20180530 349 -0.024078051847312903

20180531 356 -0.1657959960307345

20180601 368 -0.05535155640461684

20180604 378 -0.013933583466929595

20180605 391 -0.11533326607039333

20180607 397 -0.17922370209065125

20180608 405 -0.20689942679321063

20180611 413 -0.171561816263651

20180612 417 -0.13400986780188395

20180614 426 -0.2025352994262431

20180615 436 -0.1441306587181654

20180618 443 -0.201339745953924

20180619 449 -0.245778736188812

20180620 460 -0.5890780189429059

20180621 467 -0.5584482421263169

20180622 475 -0.6886268399032579

20180625 479 -0.795625794709448

20180626 485 -0.7512121248864327

20180627 488 -0.7846459066287668

20180628 494 -0.9098611323999558

20180629 499 -0.9768329479752867

20180702 504 -1.0154756743600968

20180703 511 -1.1905224910776215

20180704 518 -1.362017081727766

20180705 525 -1.442785702774753

20180706 538 -1.6724156156440944

20180709 546 -1.789388354222632

20180710 559 -2.012067046252601

